5 6000 629 581 31
14 15000 1869 641 60
21 66000 1643 523 281
28 13456000 1913 913 49410
34 5000 751 567 75
42 7000 636 560 63
51 16000 2776 808 100
59 52000 2060 976 281
63 21000 540 940 247
70 7000 810 942 99
79 950000 1312 548 8835
84 46000 2348 652 544
91 3000 2305 533 118
98 748158000 2851 775 6535644
105 50000 2475 567 327
112 7000 2347 731 137
121 823000 1748 632 2642
126 8000 1402 562 157
134 74000 2300 972 566
138 21000 2409 925 319
145 4000 966 562 178
153 5000 2331 651 172
162 589000 2567 611 6254
168 204000 1057 689 2301
174 3000 1147 527 184
181 4000 1676 700 225
189 18962000 2365 573 84534
200 227000 1139 647 2863
202 1000 2322 802 206
208 1000 643 731 217
212 694000 1877 541 3191
218 56000 621 641 856
224 20000 2709 625 413
232 3000 1585 993 256
240 12000 1097 949 379
245 156000 1282 538 1693
252 42832000 959 551 389823
260 432000 2252 796 3419
270 2443000 762 514 24634
275 390000 1100 808 1540
285 842000 1060 684 9959
292 647000 1706 650 3696
296 72000 1137 969 1334
302 5109000 1310 678 24682
309 32000 610 586 433
315 2000 809 869 334
322 1000 1075 747 325
327 11000 1538 994 382
337 2606000 2450 614 27433
343 4000 2939 775 360
349 5000 2256 664 400
357 272000 610 818 1551
359 68000 1595 623 635
366 49000 1999 943 579
372 120000 1641 869 802
379 16408000 2914 834 59447
388 240000 1939 863 2746
398 1000 2891 951 408
402 88000 2427 663 1234
410 6000 682 866 432
418 249000 1138 622 2999
423 3000 661 877 434
431 1000 2780 764 434
437 1000 833 705 441
441 16000 950 546 618
449 30000 2977 781 545
456 3000 2497 957 465
462 2000 1492 924 486
467 2000 1021 753 483
474 22000 2373 949 541
480 5064000 1866 958 41800
487 3726000 2087 659 15732
496 2000 994 762 512
502 96410000 696 732 401376
511 143000 538 622 2150
516 3160000 1938 570 13086
526 1000 1799 675 535
532 5000 2984 656 550
540 21000 2038 738 639
549 75000 2301 601 868
557 14000 875 779 623
561 7000 1355 631 642
570 3731000 2858 658 39322
579 1000 1094 914 590
584 105000 1576 520 1134
595 5300000 958 738 57910
606 4405000 2242 534 20532
614 120000 1935 547 1615
624 72000 955 835 1278
633 118000 1529 937 1078
640 20000 2860 932 703
646 15600000 981 821 65000
653 42000 2033 553 1126
660 5496000 787 991 46257
667 2122000 2616 692 18716
673 939000 522 930 3558
679 1468000 2363 991 5935
685 1000 1793 853 690
688 4000 2216 576 723
696 30000 2724 520 967