5 6000 629 581 31
14 15000 1869 641 60
21 66000 1643 523 281
28 13456000 1913 913 49410
34 5000 751 567 75
42 7000 636 560 63
51 16000 2776 808 100
59 52000 2060 976 281
63 21000 540 940 247
70 7000 810 942 99
79 950000 1312 548 8835
84 46000 2348 652 544
91 3000 2305 533 118
98 748158000 2851 775 6535644
105 50000 2475 567 327
112 7000 2347 731 137
121 823000 1748 632 2642
126 8000 1402 562 157
134 74000 2300 972 566
138 21000 2409 925 319
145 4000 966 562 178
153 5000 2331 651 172
162 589000 2567 611 6254
168 204000 1057 689 2301
174 3000 1147 527 184
181 4000 1676 700 225
189 18962000 2365 573 84534
200 227000 1139 647 2863
202 1000 2322 802 206
208 1000 643 731 217
212 694000 1877 541 3191
218 56000 621 641 856
224 20000 2709 625 413
232 3000 1585 993 256
240 12000 1097 949 379
245 156000 1282 538 1693
252 42832000 959 551 389823
260 432000 2252 796 3419
270 2443000 762 514 24634
275 390000 1100 808 1540
285 842000 1060 684 9959
292 647000 1706 650 3696
296 72000 1137 969 1334
302 5109000 1310 678 24682
309 32000 610 586 433
315 2000 809 869 334
322 1000 1075 747 325
327 11000 1538 994 382
337 2606000 2450 614 27433
343 4000 2939 775 360
349 5000 2256 664 400
357 272000 610 818 1551
359 68000 1595 623 635
366 49000 1999 943 579
372 120000 1641 869 802
379 16408000 2914 834 59447
388 240000 1939 863 2746
398 1000 2891 951 408
402 88000 2427 663 1234
410 6000 682 866 432
418 249000 1138 622 2999
423 3000 661 877 434
431 1000 2780 764 434
437 1000 833 705 441
441 16000 950 546 618
449 30000 2977 781 545
456 3000 2497 957 465
462 2000 1492 924 486
467 2000 1021 753 483
474 22000 2373 949 541
480 5064000 1866 958 41800
487 3726000 2087 659 15732
496 2000 994 762 512
502 96410000 696 732 401376
511 143000 538 622 2150
516 3160000 1938 570 13086
526 1000 1799 675 535
532 5000 2984 656 550
540 21000 2038 738 639
549 75000 2301 601 868
557 14000 875 779 623
561 7000 1355 631 642
570 3731000 2858 658 39322
579 1000 1094 914 590
584 105000 1576 520 1134
595 5300000 958 738 57910
606 4405000 2242 534 20532
614 120000 1935 547 1615
624 72000 955 835 1278
633 118000 1529 937 1078
640 20000 2860 932 703
646 15600000 981 821 65000
653 42000 2033 553 1126
660 5496000 787 991 46257
667 2122000 2616 692 18716
673 939000 522 930 3558
679 1468000 2363 991 5935
685 1000 1793 853 690
688 4000 2216 576 723
696 30000 2724 520 967
704 200000 2414 902 2323
714 1000 2906 634 724
720 38870000 2554 938 460189
730 110188000 559 855 1135124
741 6000 1130 874 801
748 33964000 1399 739 322265
758 1000 2335 731 766
764 720000 2061 949 3085
772 84000 724 952 1058
780 777000 2886 830 3388
785 1000 615 591 795
790 3000 846 858 799
797 84000 1537 861 1101
804 316000 1821 505 2014
808 1011000 1195 871 10555
815 1688000 2314 870 6710
821 3000 2258 734 834
828 764000 2091 943 3800
833 2000 807 939 841
839 2000 571 895 858
845 2000 2615 723 863
852 116000 2682 726 1344
860 9000 2530 822 940
869 3000 728 980 894
876 1000 929 605 886
880 910000 689 577 6155
890 4000 2523 971 907
897 7000 2876 776 928
906 2000 2009 613 912
913 402000 2006 526 4205
920 3000 1874 710 930
927 6000 1190 614 947
933 25000 1302 626 1161
941 8000 1217 893 1014
948 4046000 2128 864 42461
955 2000 1449 845 981
960 4000 574 762 981
968 2316000 1099 767 8450
975 4000 1219 971 1008
981 2000 2611 987 1000
986 94000 1597 833 1902
992 482000 949 637 5769
998 312000 1242 622 1986
1006 14000 954 938 1142
1012 128000 2443 591 1648
1020 3656000 757 933 31212
1028 78000 1514 778 1384
1037 4300000 610 710 43633
1044 100000 589 697 2079
1052 345000 3019 899 2650
1060 56000 1851 895 1512
1069 6000 2972 980 1087
1075 15000 1802 786 1205
1083 16000 2355 995 1225
1092 610000 2178 722 6955
1100 5000 1817 653 1146
1106 63000 2616 984 1641
1115 87000 1459 991 1844
1122 30000 2123 795 1224
1126 151000 572 648 2586
1130 1626000 1682 722 23972
1139 12000 1091 983 1259
1149 26000 850 530 1250
1152 45075000 3005 941 514846
1160 24000 937 877 1426
1166 9000 1196 908 1248
1174 1232000 2447 759 12635
1185 5000 2745 893 1231
1193 4000 2629 977 1226
1201 22000 2777 817 1271
1207 12000 2588 524 1323
1216 8000 2199 847 1291
1225 338000 981 945 2555
1231 13000 2170 590 1338
1236 21000 2915 531 1441
1240 219000 1622 918 3303
1247 11756000 2154 898 54350
1254 3000 872 808 1265
1259 238000 2937 633 3745
1268 1145000 609 625 13536
1271 1320000 2237 957 13835
1278 19000 979 827 1451
1283 230000 1730 510 2176
1289 8921000 853 777 32675
1294 813000 584 792 4490
1301 64000 1062 634 1855
1312 9666000 1295 727 118230
1321 9000 2121 577 1356
1330 1000 2056 800 1334
1334 24000 1580 532 1467
1341 3000 1675 679 1367
1348 1000 2412 836 1359
1351 2000 3021 913 1370
1357 10245000 2700 668 50901
1362 28000 2509 533 1504
1368 400000 1437 873 2764
1376 657000 2923 779 3573
1383 4000 2752 604 1403
1389 56706000 1706 982 592166
1394 91000 2067 695 1760